-1
-1
48
48
50
46
10
57
51
57
46
10
57
48
56
46
10
57
56
54
46
10
48
55
50
46
10
49
50
54
46
10
53
50
49
46
10
52
54
50
46
10
53
57
52
46
10
54
48
51
46
10
57
54
52
46
48
10
51
56
51
46
48
10
48
55
55
46
48
10
49
55
54
46
48
10
51
53
50
46
48
10
55
48
53
46
48
10
55
49
50
46
48
10
53
50
53
46
48
10
50
55
53
46
48
10
49
50
48
46
48
10
49
52
56
10
57
56
10
48
50
56
10
50
50
49
10
52
52
55
10
55
57
55
10
49
54
51
10
57
53
50
10
57
49
10
53
51
52
10
55
52
48
46
50
57
54
10
52
49
55
46
52
56
51
10
55
56
51
46
56
56
57
10
54
49
53
46
49
50
50
10
56
54
51
46
50
49
55
10
52
52
49
46
53
53
51
10
57
50
52
46
52
55
52
10
48
57
48
46
56
49
57
10
48
53
52
46
53
51
56
10
52
50
55
46
51
50
51
10
55
48
51
46
51
53
51
10
57
57
55
46
48
54
57
10
57
55
49
46
50
56
55
10
53
49
55
46
56
51
50
10
55
55
48
46
52
48
53
10
51
52
49
46
55
49
53
10
56
48
56
46
54
51
56
10
57
52
52
46
48
53
49
10
56
54
48
46
52
50
51
10
52
49
48
46
57
52
51
10
52
56
51
46
49
53
51
10
52
53
52
46
55
49
10
50
52
54
46
55
57
56
10
54
49
52
46
56
52
10
53
52
55
46
49
49
55
10
49
51
51
46
54
49
52
10
57
52
51
46
54
52
57
10
49
55
55
46
50
48
52
10
52
51
56
46
52
55
53
10
54
49
49
46
55
49
51
10
54
55
49
46
52
57
54
10
56
52
50
46
52
49
49
10
51
56
54
46
49
51
52
10
50
57
56
46
49
48
49
10
55
52
56
46
54
48
53
10
50
52
50
46
52
50
10
51
52
51
46
51
54
56
10
50
50
52
46
52
54
50
10
55
48
51
46
54
52
50
10
48
56
57
46
53
52
53
10
54
48
57
46
56
10
52
53
53
46
56
53
56
10
57
56
48
46
50
54
57
10
49
51
48
46
56
56
53
10
56
52
48
46
56
48
54
10
50
52
54
46
55
55
49
10
54
57
52
46
56
10
54
48
51
46
48
54
52
10
57
48
51
46
57
56
51
10
57
54
49
46
49
